ASVid	9w.r.4.1	9w.r.4.2	9w.r.4.3	9w.r.4.4	9w.r.4N.3	9w.r.4N.4	9w.rh.4.1	9w.rh.4.2	9w.rh.4.3	9w.rh.4.4	9w.rh.4N.1	9w.rh.4N.2	9w.rh.4N.3	9w.rh.4N.4	C.9w.4.1	C.9w.4.2	C.9w.4.3	C.9w.4N.1	C.9w.4N.2	C.9w.4N.3	N.SC.1	N.SC.2	N.SC.3	SC.1	SC.2	SC.3	9w.r.1.1	9w.r.1.2	9w.r.1.4	9w.r.1N.1	9w.r.1N.3	9w.r.1N.4	9w.rh.1.1	9w.rh.1.2	9w.rh.1.3	9w.rh.1.4	9w.rh.1N.1	9w.rh.1N.2	9w.rh.1N.3	9w.rh.1N.4	C.9w.1.1	C.9w.1.2	C.9w.1.3	C.9w.1N.1	C.9w.1N.2	C.9w.1N.3	N.SC.R7A.1	N.SC.R7A.2	N.SC.R7A.3	SC.R7A.1	SC.R7A.2	SC.R7A.3	9w.r.3.1	9w.r.3.2	9w.r.3.3	9w.r.3.4	9w.r.3N.1	9w.r.3N.2	9w.r.3N.3	9w.r.3N.4	9w.rh.3.1	9w.rh.3.2	9w.rh.3.3	9w.rh.3.4	9w.rh.3N.1	9w.rh.3N.2	9w.rh.3N.3	9w.rh.3N.4	C.9w.3.1	C.9w.3.2	C.9w.3.3	C.9w.3N.1	C.9w.3N.2	C.9w.3N.3	N.SC.R7AnifH.1	N.SC.R7AnifH.2	N.SC.R7AnifH.3	SC.R7AnifH.1	SC.R7AnifH.2	SC.R7AnifH.3	9w.r.2.2	9w.r.2.3	9w.r.2.4	9w.r.2N.1	9w.r.2N.2	9w.r.2N.3	9w.r.2N.4	9w.rh.2.1	9w.rh.2.2	9w.rh.2.3	9w.rh.2.4	9w.rh.2N.1	9w.rh.2N.2	9w.rh.2N.3	9w.rh.2N.4	C.9w.2.1	C.9w.2.2	C.9w.2.3	C.9w.2N.1	C.9w.2N.2	C.9w.2N.3	N.SC.R7AnodC.1	N.SC.R7AnodC.2	N.SC.R7AnodC.3	SC.R7AnodC.1	SC.R7AnodC.2	SC.R7AnodC.3
ASV1	19	2	24	0	1	4	526	274	315	389	72	45	47	78	823	1457	1222	548	1126	1468	4560	3246	4420	6838	6594	7835	0	8	2	2	3	2	209	937	777	126	17	39	31	56	1397	1725	2246	1184	1713	765	4916	5113	5800	4911	4189	3969	0	7	26	6	5	3	0	1	555	1539	434	202	66	47	60	49	1073	663	783	1605	285	722	4501	4621	4046	6232	6985	7102	5	4	99	4	4	18	2	245	796	383	322	101	62	105	59	596	252	2707	803	796	342	2727	2310	2551	7377	5488	5904
ASV10	407	10	17	10	3	35	4554	4932	5954	5086	783	490	786	827	3338	2387	2726	1547	2684	3908	1341	928	1158	1386	1344	1536	36	11	24	71	9	155	445	456	581	374	160	293	224	227	2243	4891	3930	5263	4132	4034	1132	1210	1386	1144	874	874	12	24	47	4	17	10	3	29	2240	2094	1949	2176	516	686	653	552	1762	1583	1522	7535	509	5821	1168	1197	1008	1358	1575	1454	81	378	578	18	11	89	4	5028	5462	4554	1776	731	410	446	461	1843	814	7547	1776	3550	1079	861	742	795	1471	1023	1083
ASV11	0	0	0	0	0	0	8	1	4	5	0	5	0	0	0	8	0	0	14	31	586	376	202	196	232	265	0	0	0	0	4	0	0	1	0	2	0	0	1	0	54	16	9	56	11	15	353	235	386	570	751	345	0	0	0	0	0	0	0	0	0	0	3	2	0	1	0	1	35	6	10	30	0	8	299	166	146	224	243	283	0	0	0	0	0	0	0	2	2	2	0	0	1	0	0	18	3	31	12	10	0	507	1554	479	541	394	178
ASV12	0	0	0	0	0	0	24	17	20	13	7	6	9	3	41	77	83	16	52	58	55	42	58	50	74	83	0	0	0	0	0	0	9	13	11	3	4	5	4	3	56	96	58	63	91	60	49	64	54	47	25	22	0	0	0	0	1	0	0	0	29	10	11	37	5	20	13	5	36	12	24	77	16	55	47	43	40	56	58	69	0	0	0	0	0	0	0	21	45	36	17	8	3	15	13	56	3	60	39	80	12	52	32	56	55	43	75
ASV13	3	0	0	0	0	0	80	68	66	88	18	13	8	7	157	125	178	93	196	242	90	72	109	80	96	111	0	1	0	5	0	1	42	66	90	24	6	11	16	19	243	313	201	162	260	158	92	90	119	69	52	44	29	4	3	0	1	1	0	0	256	127	233	172	11	7	12	10	106	44	67	167	31	100	67	71	51	65	98	87	0	1	4	0	0	1	1	80	127	80	269	13	5	17	8	95	28	182	54	184	35	73	66	84	89	66	103
ASV15	1	0	0	5	0	6	511	647	518	636	228	121	142	172	341	225	458	109	232	361	546	427	572	511	562	662	0	2	1	5	0	5	206	240	176	104	74	142	152	119	342	471	287	334	286	264	545	603	699	449	345	350	1	0	0	0	3	0	0	0	1274	305	524	764	143	109	123	149	248	113	263	543	33	300	449	434	312	565	600	648	10	4	268	0	1	11	0	1181	851	1579	859	152	86	120	115	311	70	679	192	367	71	430	400	419	609	489	591
ASV16	0	2	0	3	0	0	92	104	90	105	37	32	29	26	97	107	77	47	70	130	248	152	226	172	165	194	0	0	0	0	0	0	36	27	34	21	19	21	16	11	140	176	111	82	125	75	211	254	326	135	120	101	0	0	0	0	0	0	0	0	176	104	72	132	22	19	25	36	57	40	66	97	8	89	157	150	118	153	209	201	0	0	18	0	0	1	0	162	115	202	104	27	17	23	19	67	11	115	63	100	39	157	120	113	202	178	135
ASV17	23	1	5	0	2	15	380	288	414	417	179	185	288	165	265	244	295	160	312	399	2467	1727	2021	512	327	325	6	12	22	13	1	59	134	133	135	192	33	135	92	66	369	496	335	470	410	372	1603	453	498	759	529	761	7	10	5	1	9	6	0	2	291	375	303	362	177	207	162	134	145	157	261	450	125	424	1505	1277	941	446	363	755	3	21	8	8	2	18	8	308	439	496	208	113	141	210	108	221	71	584	145	285	111	4268	3891	3072	661	723	404
ASV19	3	2	1	4	4	15	320	282	464	354	369	252	578	480	136	131	141	90	140	217	185	131	160	240	180	238	7	23	5	50	0	68	78	83	111	64	157	278	272	221	145	222	249	269	184	196	193	188	212	187	128	126	0	4	1	0	13	16	3	0	537	1000	667	1013	364	536	569	384	121	122	122	335	28	164	145	174	153	236	246	255	2	7	9	9	4	15	6	254	373	317	197	249	258	352	256	116	19	338	69	173	53	131	95	101	236	190	172
ASV2	502	26	7	18	2	71	2145	1104	1831	1623	1129	2075	4705	812	625	671	776	416	867	1242	2012	1333	1771	2039	2083	2236	55	43	49	22	25	15	3390	2841	2777	1325	3349	1700	4795	4917	844	1140	811	674	840	425	1907	2063	2282	1711	1394	1397	123	82	65	3	30	14	0	7	1621	2644	2543	1349	1322	639	1231	1558	655	314	475	918	150	646	1519	1604	1238	2083	2247	2278	44	51	72	31	2	108	65	2140	1731	2424	1044	1114	1654	1229	4313	415	143	1450	573	613	132	1024	825	1027	2272	1754	1933
ASV20	19	5	18	29	6	138	2537	2487	3522	3108	4574	3843	6931	6736	1473	1189	1240	355	721	1427	1720	1250	1526	1179	1321	1436	13	40	37	190	11	276	302	273	530	293	964	1831	1914	1209	641	1103	533	1172	226	1407	1214	1188	1377	1160	933	922	8	30	82	10	84	50	65	48	1717	1739	1786	2557	4474	6515	6077	4600	321	406	326	1761	87	567	907	1042	938	1586	1650	1693	22	43	241	65	47	154	74	1474	2445	2557	827	5245	4039	4847	3673	436	113	1219	546	911	331	988	854	1093	1823	1308	1183
ASV21	24	8	3	30	10	93	2282	1551	2270	2750	2909	1670	5530	3394	3134	3374	3415	1361	2394	3296	1803	1763	1439	1687	1699	1795	19	24	51	133	12	194	715	677	806	563	897	1776	1494	1297	1884	3150	2510	3635	4025	5210	2630	1457	1828	1781	1428	1484	4	28	42	4	52	32	13	8	3071	3896	3277	5373	2990	4059	3428	2708	1650	1335	1398	7468	568	5858	1561	1644	1312	2434	2619	2681	26	24	68	28	24	71	30	1448	2471	2622	1320	2255	1614	2720	1833	1630	527	6570	2557	2765	1419	1698	1501	2665	3309	2171	2366
ASV22	40	10	4	13	5	88	298	270	266	350	2940	2973	4171	3157	290	845	704	495	1075	1183	1966	1748	1855	1843	1942	2161	26	179	24	23	14	12	898	1516	809	1822	5148	4352	3788	4979	614	941	1232	1215	1173	678	1788	1790	2617	1470	1347	1235	44	40	26	7	86	11	5	0	335	715	426	432	6286	2311	7688	4929	735	410	435	1414	124	787	1647	1525	1226	2042	2127	2302	23	58	63	66	27	57	61	239	305	345	778	3939	2703	1421	2068	244	148	1178	719	555	184	1153	1015	1149	2462	1550	1676
ASV23	4	0	0	0	0	12	174	128	237	329	58	74	99	110	16	30	61	20	21	69	60	37	60	81	63	43	0	0	0	10	2	32	23	14	24	22	33	42	25	21	22	56	57	31	34	30	92	63	87	78	55	38	0	0	0	0	0	1	0	0	39	105	55	83	66	76	89	65	17	9	8	39	1	16	46	59	43	56	74	65	0	3	0	1	0	2	2	73	121	148	40	52	63	71	53	27	4	87	15	18	0	48	43	41	71	60	62
ASV24	127	30	27	41	9	85	5930	8465	7673	8728	2369	1741	1834	1970	228	365	396	315	579	726	474	411	506	335	362	359	31	202	83	159	4	705	2706	1910	2326	1220	1517	1646	1610	1727	322	391	390	459	350	351	358	484	391	201	174	165	192	32	439	4	119	78	7	28	10544	4579	8797	5007	2249	1777	2291	1858	318	248	175	569	87	372	339	325	285	373	386	437	82	126	1217	25	20	203	51	8797	8581	9555	4520	3696	1447	1398	2415	344	89	762	250	455	132	391	389	409	578	347	369
ASV25	58	1	6	11	6	70	1484	1150	1716	1981	743	709	1494	940	1175	1417	1976	500	969	1495	774	557	727	828	933	1000	122	325	209	191	17	400	430	240	461	341	520	686	697	758	1550	1636	3109	1625	1147	1323	685	739	959	793	656	596	22	28	17	18	58	39	9	13	1670	2449	2676	3619	887	1016	1136	964	1258	900	1004	2486	207	1428	738	799	627	1270	1356	1393	12	261	31	40	15	54	16	1328	1855	2074	724	592	626	779	832	779	349	2519	690	990	441	669	515	599	1273	998	975
ASV26	5	0	1	0	0	0	33	21	39	36	19	13	22	19	15	8	8	4	17	18	158	80	108	23	12	18	0	0	0	0	0	1	13	8	7	8	1	6	9	5	8	21	15	14	17	5	56	13	17	25	12	28	1	0	2	0	0	0	1	0	27	11	19	10	13	12	16	13	6	3	7	7	3	15	49	50	40	17	12	34	0	2	0	0	0	1	0	20	23	35	18	11	8	20	4	6	2	21	2	10	3	122	134	99	23	27	13
ASV27	64	23	4	24	7	77	1747	4113	1598	2450	1972	1027	3053	3094	1245	2410	3570	3195	4659	8604	5252	3753	5902	8510	7186	8955	11	119	40	58	21	603	1587	841	885	760	570	1012	721	802	1414	3395	4267	9236	8904	8259	8451	8759	10264	4918	4226	4086	35	20	35	2	74	25	4	21	1054	2553	2430	11275	1285	2832	1212	1198	2851	2514	1513	14680	1118	16277	5758	6178	5705	4653	5435	5080	14	47	45	25	8	65	33	841	2082	1411	1172	1562	754	1589	681	1193	587	3908	4263	3477	1639	5543	4921	4984	5052	4007	5518
ASV28	0	0	0	0	0	0	1	1	0	1	1	0	0	0	13	24	9	0	32	13	144	92	115	129	157	157	0	0	0	0	0	0	0	0	0	0	0	0	0	0	20	32	24	24	18	5	204	186	190	113	106	114	0	0	0	0	0	0	0	0	0	0	0	0	0	1	0	0	29	9	12	8	3	4	106	103	83	152	144	191	0	0	0	0	0	0	0	1	4	2	0	0	0	0	0	6	2	30	0	17	0	93	74	90	175	129	98
ASV29	0	0	1	0	0	0	2	0	1	1	0	0	0	0	25	16	12	9	1	12	281	231	287	379	277	375	0	0	0	0	0	0	0	0	0	0	0	0	0	0	6	21	19	13	13	6	356	355	428	259	229	236	0	0	0	0	0	0	0	0	0	0	0	0	0	0	0	0	35	0	3	5	11	1	252	255	292	296	313	295	0	0	0	0	0	0	0	0	1	3	1	0	0	0	0	2	0	34	0	20	7	182	176	172	319	250	240
ASV3	3	0	0	0	0	4	169	290	184	260	129	118	38	68	11856	7897	17807	4625	13407	19682	162	140	158	229	212	232	0	0	0	2	1	1	110	115	114	58	56	64	43	99	2146	3674	1350	14252	5172	28178	170	158	210	247	176	129	0	0	0	0	7	3	0	0	566	194	414	464	52	48	55	52	636	653	675	28292	1381	10246	138	139	103	228	271	276	1	0	18	0	1	4	1	445	660	594	848	90	48	61	37	849	756	3480	9144	16552	5187	161	127	123	223	170	179
ASV30	0	0	0	0	0	8	133	204	220	310	152	75	188	108	146	172	237	109	278	411	42	27	31	60	51	63	7	8	3	30	0	0	171	280	164	330	130	155	123	183	200	252	210	576	359	681	116	58	75	82	114	59	0	5	3	0	1	4	1	0	305	429	305	474	153	154	173	134	121	97	171	1007	35	509	40	99	51	74	61	52	2	3	5	5	1	5	1	223	193	206	139	193	66	158	122	65	49	210	254	435	135	50	41	49	73	106	45
ASV31	1	0	0	0	0	0	90	140	113	140	30	15	19	20	296	180	468	88	141	283	52	39	43	81	60	97	1	0	1	0	0	0	61	68	51	50	15	25	15	21	144	285	305	272	270	311	61	51	59	53	45	43	1	1	0	0	1	0	0	0	167	188	149	198	35	17	23	9	150	99	80	525	29	201	68	67	35	89	82	77	0	0	0	0	0	2	2	182	125	146	67	83	10	21	15	113	34	377	115	430	99	48	62	30	103	77	91
ASV32	108	17	17	8	2	69	1061	901	1249	1479	1678	1728	1921	1618	224	259	330	90	301	290	34	36	49	73	65	69	21	86	27	49	0	126	1736	2592	1221	4686	501	1064	1032	833	271	265	336	269	295	324	64	53	74	81	54	59	5	18	12	6	33	12	0	4	245	736	335	677	2077	1053	1879	1262	247	129	172	427	48	178	52	60	46	63	68	77	23	68	51	8	0	86	36	713	1274	1985	464	1535	1744	2239	2623	122	35	478	196	377	76	31	31	30	72	50	64
ASV33	16	1	0	0	1	13	131	251	194	308	189	150	149	126	331	540	683	363	798	994	1094	708	923	1103	1063	1237	3	17	1	30	2	659	89	61	96	63	154	150	254	218	496	716	341	1139	950	680	958	1004	1052	989	745	766	163	10	6	1	2	0	0	5	513	566	526	738	112	133	133	131	428	357	298	1561	121	779	899	970	718	1383	1562	1567	5	0	43	3	5	10	9	126	434	253	267	217	100	108	130	278	73	1109	908	545	618	635	475	620	1518	982	1059
ASV34	35	1	1	1	2	35	2164	1888	3253	3445	1017	914	1173	1287	746	854	1014	409	642	870	746	471	720	774	617	759	83	57	74	175	71	324	632	422	820	294	388	1016	680	821	905	1160	1409	1012	952	985	969	962	1132	873	740	720	5	18	7	4	90	35	13	225	2205	2554	1929	2261	864	919	1063	871	650	476	542	1407	71	1378	758	893	788	981	1140	1061	13	23	52	14	26	91	11	1474	2439	2137	707	1041	693	934	757	546	212	1408	423	874	261	761	807	846	1352	1107	1053
ASV35	0	0	0	0	0	0	0	0	0	0	0	0	0	0	0	0	1	0	4	2	0	1	1	0	1	0	0	0	0	0	0	0	0	0	0	0	0	0	0	0	0	1	0	1	2	4	0	1	0	0	0	1	0	0	0	0	0	0	0	0	0	0	0	0	0	0	0	0	0	1	0	7	0	4	0	0	0	1	1	0	0	0	0	0	0	0	0	0	0	0	0	0	0	0	0	0	2	0	4	1	1	0	1	0	0	0	2
ASV4	6	6	0	2	1	26	546	455	771	466	1152	616	653	778	440	436	1536	285	389	573	161	107	158	167	171	208	1	7	0	17	8	22	286	291	304	107	835	656	773	1031	451	932	1538	685	652	588	165	178	208	159	73	87	15	2	28	2	37	7	5	3	1257	401	503	474	810	333	914	1253	675	287	376	1121	84	487	130	129	100	147	191	192	4	16	21	36	14	25	26	1107	899	1869	706	1036	408	591	695	368	123	1081	412	618	123	172	137	155	209	144	175
ASV5	0	1	0	0	0	1	130	77	129	199	169	44	51	96	213	249	271	188	340	499	355	205	316	260	292	344	0	0	0	0	0	0	29	13	42	6	25	59	39	40	254	387	212	213	286	281	241	275	280	202	152	146	0	0	0	0	1	2	0	0	478	209	143	650	74	47	125	89	144	98	150	408	61	305	249	230	148	386	427	460	0	0	2	0	0	0	3	89	242	157	137	160	60	101	89	163	61	558	173	390	80	227	185	206	473	336	349
ASV6	0	0	0	0	0	0	6	4	15	6	7	4	1	6	9	22	31	14	32	31	35	19	28	33	49	29	0	0	0	0	0	0	5	4	1	4	0	4	2	1	26	37	39	11	40	26	24	24	27	17	15	14	0	0	0	0	0	0	0	0	6	3	3	274	5	2	1	5	17	16	30	22	7	16	33	26	17	31	28	41	0	0	0	0	0	0	0	10	7	15	9	3	0	6	0	7	6	44	10	12	4	33	10	21	37	36	18
ASV7	35	1	0	6	1	14	470	781	816	840	257	337	365	373	2579	1942	2874	1187	1958	3210	809	628	800	892	957	986	3	7	1	9	4	33	153	168	235	101	87	176	145	130	2433	4731	6968	2894	1928	1954	893	892	949	746	628	617	0	0	13	2	10	14	4	2	633	383	374	470	322	249	292	188	2068	1926	1794	4304	567	2722	668	816	623	1055	1047	1093	16	64	165	4	7	17	5	961	1133	1276	380	432	279	391	296	2626	651	6327	1197	2676	630	696	540	695	1087	754	841
ASV8	28	6	1	2	0	43	312	155	342	278	322	274	650	449	33	104	99	67	147	113	616	358	584	618	603	682	9	31	30	107	6	118	89	44	64	61	113	210	158	145	57	81	111	48	84	23	502	564	717	507	538	449	0	10	5	3	18	18	6	2	242	532	233	369	298	764	520	438	77	71	74	97	21	45	503	592	496	652	743	683	11	15	12	10	8	43	6	276	338	308	72	167	205	304	206	80	21	236	44	56	25	361	314	325	908	668	614
ASV9	2875	26	170	13	25	56	2561	2838	2786	2931	1561	1168	2037	1405	50	108	152	49	118	169	422	261	379	398	357	460	120	250	90	47	9	5	1370	1704	1206	1719	1188	1408	992	1813	251	218	85	86	153	50	488	413	493	382	321	338	1148	329	165	47	21	20	4	1	1266	1747	1824	1327	1603	723	1480	969	124	85	56	138	37	91	364	335	273	452	451	430	41	685	571	27	28	154	24	3141	3001	3036	1676	1520	1415	1355	1825	64	13	227	27	234	17	314	310	321	371	305	304
R7A	0	0	0	0	0	0	0	0	0	0	0	0	0	0	0	0	0	0	0	0	0	0	0	0	0	0	13059	13926	24508	9216	7055	15851	1166	1116	1010	1054	257	297	275	293	195	161	69	84	150	63	79	89	100	74	56	69	8230	4816	13690	38512	7381	16822	865	6729	448	749	717	1170	634	198	281	117	48	36	105	78	43	67	77	104	90	97	91	108	244	204	214	43	95	122	40	83	122	131	67	112	75	150	152	41	18	148	24	112	8	57	35	55	93	77	69
